TECHNOLOGIES	 c_inv	 c_maint	 lifetime	  f_min	 f	 f_max	 fmin_perc	f_perc	 fmax_perc	 c_p	 c_p_max	 tau	 gwp_constr
 UNITS	[M€/GW]	 [M€/GW/y]	 [y]	 [GW or GWh]	 [GW or GWh]	 [GW or GWh]	 [0-1]	 [0-1]	 [0-1]	 [0-1]	 [0-1]	 [-]	 [ktCO2-eq./GW or GWh] 
NUCLEAR	9691.459981	205.862000	60.000000	0.000000	2.000000	2.000000	0.000000	0.111520	1.000000	0.849000	0.849000	0.025393	1415.759997
CCGT	0.001497	0.000038	25.000000	0.000000	0.000002	Infinity	0.000000	0.000000	1.000000	0.002052	0.961540	0.048263	0.000366
CCGT_AMMONIA	1901.281453	48.153541	25.000000	0.000000	2.532105	Infinity	0.000000	0.104771	1.000000	0.630000	0.630000	0.048263	465.375522
COAL_US	0.000000	0.000000	35.000000	0.000000	0.000000	0.000000	0.000000	0.000000	1.000000	0.000000	0.868000	0.036934	0.000000
COAL_IGCC	0.000000	0.000000	35.000000	0.000000	0.000000	0.000000	0.000000	0.000000	1.000000	0.000000	0.856000	0.036934	0.000000
PV	37809.862530	431.792240	25.000000	0.000000	59.174994	59.200000	0.000000	0.460198	1.000000	0.118410	1.000000	0.048263	123168.608130
WIND_ONSHORE	9788.199999	113.845000	30.000000	0.000000	10.000000	10.000000	0.000000	0.158718	1.000000	0.241662	1.000000	0.041639	6228.499999
WIND_OFFSHORE	27919.199996	194.247600	30.000000	0.000000	6.000000	6.000000	0.000000	0.161199	1.000000	0.409066	1.000000	0.041639	3737.099999
HYDRO_RIVER	580.165798	5.801152	40.000000	0.000000	0.115000	0.115000	0.000000	0.003595	1.000000	0.476010	1.000000	0.033427	145.224299
GEOTHERMAL	0.000000	0.000000	30.000000	0.000000	0.000000	0.000000	0.000000	0.000000	1.000000	0.000000	0.950000	0.041639	0.000000
IND_COGEN_GAS	2351.678120	151.163097	25.000000	0.000000	1.795448	Infinity	0.000000	0.182633	1.000000	0.824357	0.850000	0.048263	1839.113553
IND_COGEN_WOOD	0.001191	0.000044	25.000000	0.000000	0.000001	Infinity	0.000000	0.000000	1.000000	0.001232	0.850000	0.048263	0.000196
IND_COGEN_WASTE	0.001310	0.000048	25.000000	0.000000	0.000000	Infinity	0.000000	0.000000	1.000000	0.000816	0.850000	0.048263	0.000320
IND_BOILER_GAS	66.549231	1.333346	17.000000	0.000000	1.130060	Infinity	0.000000	0.111808	1.000000	0.801823	0.950000	0.067080	13.922339
IND_BOILER_WOOD	348.309685	6.966163	17.000000	0.000000	3.024047	Infinity	0.000000	0.284934	1.000000	0.763598	0.900000	0.067080	87.304225
IND_BOILER_OIL	0.000821	0.000018	17.000000	0.000000	0.000015	Infinity	0.000000	0.000000	1.000000	0.002490	0.950000	0.067080	0.000184
IND_BOILER_COAL	0.001022	0.000020	17.000000	0.000000	0.000009	Infinity	0.000000	0.000000	1.000000	0.007313	0.900000	0.067080	0.000427
IND_BOILER_WASTE	251.360342	5.027185	17.000000	0.000000	2.182326	Infinity	0.000000	0.205601	1.000000	0.763509	0.900000	0.067080	63.003760
IND_DIRECT_ELEC	6781.245451	30.762499	15.000000	0.000000	20.404542	Infinity	0.000000	0.215024	1.000000	0.085402	0.950000	0.074944	29.994677
DHN_HP_ELEC	2377.399601	80.615228	25.000000	0.000000	7.481275	Infinity	0.000000	1.000000	1.000000	0.684522	0.950000	0.048263	1307.652075
DHN_COGEN_GAS	0.001091	0.000032	25.000000	0.000000	0.000001	Infinity	0.000000	0.000000	1.000000	0.000949	0.850000	0.048263	0.000459
DHN_COGEN_WOOD	0.000803	0.000029	25.000000	0.000000	0.000001	Infinity	0.000000	0.000000	1.000000	0.000458	0.850000	0.048263	0.000132
DHN_COGEN_WASTE	0.001168	0.000043	25.000000	0.000000	0.000000	Infinity	0.000000	0.000000	1.000000	0.000391	0.850000	0.048263	0.000285
DHN_COGEN_WET_BIOMASS	0.000681	0.000055	25.000000	0.000000	0.000001	Infinity	0.000000	0.000000	1.000000	0.000415	0.750000	0.048263	0.000546
DHN_COGEN_BIO_HYDROLYSIS	0.001323	0.000065	15.000000	0.000000	0.000000	Infinity	0.000000	0.000000	1.000000	0.001864	0.850000	0.074944	0.000203
DHN_BOILER_GAS	0.000416	0.000008	17.000000	0.000000	0.000007	Infinity	0.000000	0.000000	1.000000	0.000962	0.950000	0.067080	0.000087
DHN_BOILER_WOOD	0.000256	0.000005	17.000000	0.000000	0.000002	Infinity	0.000000	0.000000	1.000000	0.000719	0.900000	0.067080	0.000064
DHN_BOILER_OIL	0.000158	0.000003	17.000000	0.000000	0.000003	Infinity	0.000000	0.000000	1.000000	0.000617	0.950000	0.067080	0.000036
DHN_DEEP_GEO	0.000000	0.000000	30.000000	0.000000	0.000000	0.000000	0.000000	0.000000	1.000000	0.000000	0.850000	0.041639	0.000000
DHN_SOLAR	0.000211	0.000000	30.000000	0.000000	0.000001	Infinity	0.000000	0.000000	1.000000	0.000264	1.000000	0.041639	0.000135
DEC_HP_ELEC	8432.226670	351.581071	18.000000	0.000000	18.592434	Infinity	0.000000	1.000000	1.000000	0.450526	1.000000	0.063806	3065.706470
DEC_THHP_GAS	0.001961	0.000057	20.000000	0.000000	0.000007	Infinity	0.000000	0.000000	1.000000	0.005946	1.000000	0.058246	0.002574
DEC_COGEN_GAS	0.001490	0.000096	20.000000	0.000000	0.000001	Infinity	0.000000	0.000000	1.000000	0.001293	1.000000	0.058246	0.001165
DEC_COGEN_OIL	0.001416	0.000087	20.000000	0.000000	0.000001	Infinity	0.000000	0.000000	1.000000	0.000635	1.000000	0.058246	0.001194
DEC_ADVCOGEN_GAS	0.002625	0.000049	20.000000	0.000000	0.000000	Infinity	0.000000	0.000000	1.000000	0.000787	1.000000	0.058246	0.001019
DEC_ADVCOGEN_H2	0.002783	0.000052	20.000000	0.000000	0.000000	Infinity	0.000000	0.000000	1.000000	0.001032	1.000000	0.058246	0.001080
DEC_BOILER_GAS	0.001562	0.000047	17.000000	0.000000	0.000010	Infinity	0.000000	0.000000	1.000000	0.001300	1.000000	0.067080	0.000208
DEC_BOILER_WOOD	0.001617	0.000057	17.000000	0.000000	0.000003	Infinity	0.000000	0.000000	1.000000	0.001000	1.000000	0.067080	0.000074
DEC_BOILER_OIL	0.001200	0.000072	17.000000	0.000000	0.000008	Infinity	0.000000	0.000000	1.000000	0.000810	1.000000	0.067080	0.000178
DEC_SOLAR	0.004417	0.000049	20.000000	0.000000	0.000006	Infinity	0.000000	0.000000	1.000000	0.003075	1.000000	0.058246	0.001419
DEC_DIRECT_ELEC	0.001595	0.000007	15.000000	0.000000	0.000042	Infinity	0.000000	0.000000	1.000000	0.001143	1.000000	0.074944	0.000062
TRAMWAY_TROLLEY	4977.081255	99.541625	30.000000	0.000000	7.963330	Infinity	0.000000	0.300000	0.300000	0.342470	0.342470	0.041639	0.000000
BUS_COACH_DIESEL	0.002342	0.000113	15.000000	0.000000	0.000004	Infinity	0.000000	0.000000	1.000000	0.011199	0.296800	0.074944	0.000000
BUS_COACH_HYDIESEL	0.002617	0.000101	15.000000	0.000000	0.000003	Infinity	0.000000	0.000000	1.000000	0.009414	0.296800	0.074944	0.000000
BUS_COACH_CNG_STOICH	3846.746310	187.176956	15.000000	0.000000	6.125782	Infinity	0.000000	0.200000	1.000000	0.296800	0.296800	0.074944	0.000000
BUS_COACH_FC_HYBRIDH2	0.000518	0.000015	15.000000	0.000000	0.000000	Infinity	0.000000	0.000000	1.000000	0.001565	0.296800	0.074944	0.000000
TRAIN_PUB	24885.909102	898.139700	40.000000	0.000000	16.524289	Infinity	0.000000	0.500000	0.500000	0.275070	0.275070	0.033427	0.000000
CAR_GASOLINE	0.000118	0.000006	10.000000	0.000000	0.000000	Infinity	0.000000	0.000000	1.000000	0.000197	0.051370	0.108434	0.000000
CAR_DIESEL	0.000119	0.000006	10.000000	0.000000	0.000000	Infinity	0.000000	0.000000	1.000000	0.000240	0.051370	0.108434	0.000000
CAR_NG	0.000221	0.000012	10.000000	0.000000	0.000001	Infinity	0.000000	0.000000	1.000000	0.000320	0.051370	0.108434	0.000000
CAR_METHANOL	0.000225	0.000012	10.000000	0.000000	0.000001	Infinity	0.000000	0.000000	1.000000	0.000475	0.051370	0.108434	0.000000
CAR_HEV	0.000089	0.000007	10.000000	0.000000	0.000000	Infinity	0.000000	0.000000	1.000000	0.000162	0.051370	0.108434	0.000000
CAR_PHEV	0.042829	0.003155	10.000000	0.000000	0.000093	Infinity	0.000000	0.000000	1.000000	0.029993	0.051370	0.108434	0.000000
CAR_BEV	73381.894919	1769.645620	10.000000	0.000000	176.964562	Infinity	0.000000	1.000000	1.000000	0.051370	0.051370	0.108434	0.000000
CAR_FUEL_CELL	0.000174	0.000003	10.000000	0.000000	0.000000	Infinity	0.000000	0.000000	1.000000	0.000247	0.051370	0.108434	0.000000
TRAIN_FREIGHT	807.210509	16.143514	40.000000	0.000000	7.730421	Infinity	0.000000	1.000000	1.000000	0.342470	0.342470	0.033427	0.000000
BOAT_FREIGHT_DIESEL	2198.466100	106.289992	40.000000	0.000000	27.828685	Infinity	0.000000	0.999999	1.000000	0.114160	0.114160	0.033427	0.000000
BOAT_FREIGHT_NG	0.000036	0.000002	40.000000	0.000000	0.000000	Infinity	0.000000	0.000000	1.000000	0.000569	0.114160	0.033427	0.000000
BOAT_FREIGHT_METHANOL	0.001248	0.000060	40.000000	0.000000	0.000016	Infinity	0.000000	0.000001	1.000000	0.018246	0.114160	0.033427	0.000000
TRUCK_DIESEL	0.000003	0.000000	15.000000	0.000000	0.000000	Infinity	0.000000	0.000000	1.000000	0.000021	0.092590	0.074944	0.000000
TRUCK_METHANOL	0.001002	0.000048	15.000000	0.000000	0.000003	Infinity	0.000000	0.000000	1.000000	0.002457	0.092590	0.074944	0.000000
TRUCK_FUEL_CELL	20835.634735	621.044275	15.000000	0.000000	51.467615	Infinity	0.000000	1.000000	1.000000	0.092590	0.092590	0.074944	0.000000
TRUCK_ELEC	0.000012	0.000000	15.000000	0.000000	0.000000	Infinity	0.000000	0.000000	1.000000	0.000057	0.092590	0.074944	0.000000
TRUCK_NG	0.000010	0.000001	15.000000	0.000000	0.000000	Infinity	0.000000	0.000000	1.000000	0.000040	0.092590	0.074944	0.000000
HABER_BOSCH	0.001246	0.000024	20.000000	0.000000	0.000002	Infinity	0.000000	1.000000	1.000000	0.001139	1.000000	0.058246	0.000000
SYN_METHANOLATION	0.001219	0.000035	20.000000	0.000000	0.000001	Infinity	0.000000	0.490641	1.000000	0.001723	0.950000	0.058246	0.000000
METHANE_TO_METHANOL	0.001003	0.000044	25.000000	0.000000	0.000002	Infinity	0.000000	0.279127	1.000000	0.000980	0.850000	0.048263	0.000000
BIOMASS_TO_METHANOL	0.001296	0.000020	20.000000	0.000000	0.000001	Infinity	0.000000	0.230232	1.000000	0.000809	1.000000	0.058246	0.000000
OIL_TO_HVC	0.001122	0.000006	15.000000	0.000000	0.000003	Infinity	0.000000	0.000000	1.000000	0.001014	1.000000	0.074944	0.000000
GAS_TO_HVC	0.001196	0.000030	25.000000	0.000000	0.000002	Infinity	0.000000	0.000000	1.000000	0.000380	1.000000	0.048263	0.000000
BIOMASS_TO_HVC	0.001088	0.000032	20.000000	0.000000	0.000001	Infinity	0.000000	0.000000	1.000000	0.000589	1.000000	0.058246	0.000000
METHANOL_TO_HVC	3155.377554	283.982512	20.000000	0.000000	4.892058	Infinity	0.000000	1.000000	1.000000	1.000000	1.000000	0.058246	0.000000
PHS	382.196370	0.000000	50.000000	5.000000	6.499938	6.500000	0.000000	-1.000000	1.000000	0.007610	1.000000	0.028572	
BATT_LI	1480.196739	2.288419	15.000000	0.000000	9.448466	Infinity	0.000000	-1.000000	1.000000	0.020476	1.000000	0.074944	
BEV_BATT	0.000000	0.000000	1.000000	0.000000	175.560081	Infinity	0.000000	-1.000000	1.000000	0.004009	1.000000	1.015000	
PHEV_BATT	0.000000	0.000000	1.000000	0.000000	0.000018	Infinity	0.000000	-1.000000	1.000000	0.001308	1.000000	1.015000	
TS_DEC_DIRECT_ELEC	0.003661	0.000026	20.000000	0.000000	0.000193	Infinity	0.000000	-1.000000	1.000000	0.000696	1.000000	0.058246	
TS_DEC_HP_ELEC	1074.170492	7.519760	20.000000	0.000000	56.624696	Infinity	0.000000	-1.000000	1.000000	0.029425	1.000000	0.058246	
TS_DEC_THHP_GAS	0.003693	0.000026	20.000000	0.000000	0.000195	Infinity	0.000000	-1.000000	1.000000	0.001008	1.000000	0.058246	
TS_DEC_COGEN_GAS	0.003666	0.000026	20.000000	0.000000	0.000193	Infinity	0.000000	-1.000000	1.000000	0.000661	1.000000	0.058246	
TS_DEC_COGEN_OIL	0.003666	0.000026	20.000000	0.000000	0.000193	Infinity	0.000000	-1.000000	1.000000	0.000469	1.000000	0.058246	
TS_DEC_ADVCOGEN_GAS	0.003656	0.000026	20.000000	0.000000	0.000193	Infinity	0.000000	-1.000000	1.000000	0.000544	1.000000	0.058246	
TS_DEC_ADVCOGEN_H2	0.003625	0.000025	20.000000	0.000000	0.000191	Infinity	0.000000	-1.000000	1.000000	0.000658	1.000000	0.058246	
TS_DEC_BOILER_GAS	0.003673	0.000026	20.000000	0.000000	0.000194	Infinity	0.000000	-1.000000	1.000000	0.000676	1.000000	0.058246	
TS_DEC_BOILER_WOOD	0.003726	0.000026	20.000000	0.000000	0.000196	Infinity	0.000000	-1.000000	1.000000	0.000564	1.000000	0.058246	
TS_DEC_BOILER_OIL	0.003694	0.000026	20.000000	0.000000	0.000195	Infinity	0.000000	-1.000000	1.000000	0.000550	1.000000	0.058246	
TS_DHN_DAILY	0.006224	0.000018	40.000000	0.000000	0.002075	Infinity	0.000000	-1.000000	1.000000	0.001005	1.000000	0.033427	
TS_DHN_SEASONAL	479.917582	2.611859	25.000000	0.000000	922.918426	Infinity	0.000000	-1.000000	1.000000	0.001595	1.000000	0.048263	
TS_HIGH_TEMP	2479.998904	26.542978	25.000000	0.000000	88.476593	Infinity	0.000000	-1.000000	1.000000	0.011755	1.000000	0.048263	
GAS_STORAGE	228.699844	5.991936	50.000000	0.000000	4573.996875	Infinity	0.000000	-1.000000	1.000000	0.000067	1.000000	0.028572	
H2_STORAGE	0.020025	0.001262	20.000000	0.000000	0.003235	Infinity	0.000000	-1.000000	1.000000	0.000045	1.000000	0.058246	
DIESEL_STORAGE	0.011667	0.000467	20.000000	0.000000	1.166702	Infinity	0.000000	-1.000000	1.000000	0.000224	1.000000	0.058246	
GASOLINE_STORAGE	0.011563	0.000463	20.000000	0.000000	1.156320	Infinity	0.000000	-1.000000	1.000000	0.000000	1.000000	0.058246	
LFO_STORAGE	0.012061	0.000482	20.000000	0.000000	1.206078	Infinity	0.000000	-1.000000	1.000000	0.000000	1.000000	0.058246	
AMMONIA_STORAGE	0.011503	0.000460	20.000000	0.000000	1.150329	Infinity	0.000000	-1.000000	1.000000	0.000037	1.000000	0.058246	
METHANOL_STORAGE	0.011630	0.000465	20.000000	0.000000	1.162982	Infinity	0.000000	-1.000000	1.000000	0.000065	1.000000	0.058246	
CO2_STORAGE	0.055950	0.000559	30.000000	0.000000	0.001130	Infinity	0.000000	-1.000000	1.000000	0.000021	1.000000	0.041639	
EFFICIENCY	5517.241379	0.000000	1.000000	0.000000	0.985222	Infinity	0.000000	-1.000000	1.000000	0.000000	1.000000	1.015000	
DHN	6178.649802	0.000000	60.000000	0.000000	7.481292	Infinity	0.000000	-1.000000	1.000000	0.000000	1.000000	0.025393	
GRID	102568.422858	0.000000	80.000000	0.000000	1.369056	Infinity	0.000000	-1.000000	1.000000	0.000000	1.000000	0.021548	
H2_ELECTROLYSIS	0.001533	0.000042	15.000000	0.000000	0.000003	Infinity	0.000000	-1.000000	1.000000	0.002085	0.900000	0.074944	
SMR	0.000730	0.000067	25.000000	0.000000	0.000001	Infinity	0.000000	-1.000000	1.000000	0.001216	0.860000	0.048263	
H2_BIOMASS	0.000824	0.000058	25.000000	0.000000	0.000000	Infinity	0.000000	-1.000000	1.000000	0.000355	0.860000	0.048263	
GASIFICATION_SNG	0.000905	0.000064	25.000000	0.000000	0.000000	Infinity	0.000000	-1.000000	1.000000	0.000769	0.850000	0.048263	
SYN_METHANATION	0.000370	0.000094	40.000000	0.000000	0.000002	Infinity	0.000000	-1.000000	1.000000	0.005668	1.000000	0.033427	
BIOMETHANATION	0.001377	0.000019	20.000000	0.000000	0.000002	Infinity	0.000000	-1.000000	1.000000	0.001287	0.850000	0.058246	
BIO_HYDROLYSIS	3254.498357	221.895305	15.000000	0.000000	2.209870	Infinity	0.000000	-1.000000	1.000000	0.850000	0.850000	0.074944	
PYROLYSIS_TO_LFO	0.001119	0.000051	25.000000	0.000000	0.000001	Infinity	0.000000	-1.000000	1.000000	0.001303	0.850000	0.048263	
PYROLYSIS_TO_FUELS	0.001165	0.000032	25.000000	0.000000	0.000001	Infinity	0.000000	-1.000000	1.000000	0.000441	0.850000	0.048263	
ATM_CCS	0.001803	0.000045	40.000000	0.000000	0.000000	Infinity	0.000000	-1.000000	1.000000	0.000432	1.000000	0.033427	
INDUSTRY_CCS	0.001899	0.000047	40.000000	0.000000	0.000001	Infinity	0.000000	-1.000000	1.000000	0.001255	1.000000	0.033427	
AMMONIA_TO_H2	0.000890	0.000082	25.000000	0.000000	0.000001	Infinity	0.000000	-1.000000	1.000000	0.002900	0.860000	0.048263	