Name	C_inv	C_maint	C_op
NUCLEAR	246.099386	205.862000	0.000000
CCGT	0.000072	0.000038	0.000000
CCGT_AMMONIA	91.762410	48.153541	0.000000
COAL_US	0.000000	0.000000	0.000000
COAL_IGCC	0.000000	0.000000	0.000000
PV	1824.834557	431.792240	0.000000
WIND_ONSHORE	407.572702	113.845000	0.000000
WIND_OFFSHORE	1162.532825	194.247600	0.000000
HYDRO_RIVER	19.393261	5.801152	0.000000
GEOTHERMAL	0.000000	0.000000	0.000000
IND_COGEN_GAS	113.500109	151.163097	0.000000
IND_COGEN_WOOD	0.000057	0.000044	0.000000
IND_COGEN_WASTE	0.000063	0.000048	0.000000
IND_BOILER_GAS	4.464100	1.333346	0.000000
IND_BOILER_WOOD	23.364494	6.966163	0.000000
IND_BOILER_OIL	0.000055	0.000018	0.000000
IND_BOILER_COAL	0.000069	0.000020	0.000000
IND_BOILER_WASTE	16.861165	5.027185	0.000000
IND_DIRECT_ELEC	508.216071	30.762499	0.000000
DHN_HP_ELEC	114.741516	80.615228	0.000000
DHN_COGEN_GAS	0.000053	0.000032	0.000000
DHN_COGEN_WOOD	0.000039	0.000029	0.000000
DHN_COGEN_WASTE	0.000056	0.000043	0.000000
DHN_COGEN_WET_BIOMASS	0.000033	0.000055	0.000000
DHN_COGEN_BIO_HYDROLYSIS	0.000099	0.000065	0.000000
DHN_BOILER_GAS	0.000028	0.000008	0.000000
DHN_BOILER_WOOD	0.000017	0.000005	0.000000
DHN_BOILER_OIL	0.000011	0.000003	0.000000
DHN_DEEP_GEO	0.000000	0.000000	0.000000
DHN_SOLAR	0.000009	0.000000	0.000000
DEC_HP_ELEC	538.024815	351.581071	0.000000
DEC_THHP_GAS	0.000114	0.000057	0.000000
DEC_COGEN_GAS	0.000087	0.000096	0.000000
DEC_COGEN_OIL	0.000082	0.000087	0.000000
DEC_ADVCOGEN_GAS	0.000153	0.000049	0.000000
DEC_ADVCOGEN_H2	0.000162	0.000052	0.000000
DEC_BOILER_GAS	0.000105	0.000047	0.000000
DEC_BOILER_WOOD	0.000108	0.000057	0.000000
DEC_BOILER_OIL	0.000081	0.000072	0.000000
DEC_SOLAR	0.000257	0.000049	0.000000
DEC_DIRECT_ELEC	0.000120	0.000007	0.000000
TRAMWAY_TROLLEY	207.241623	99.541625	0.000000
BUS_COACH_DIESEL	0.000176	0.000113	0.000000
BUS_COACH_HYDIESEL	0.000196	0.000101	0.000000
BUS_COACH_CNG_STOICH	288.291924	187.176956	0.000000
BUS_COACH_FC_HYBRIDH2	0.000039	0.000015	0.000000
TRAIN_PUB	831.863814	898.139700	0.000000
CAR_GASOLINE	0.000013	0.000006	0.000000
CAR_DIESEL	0.000013	0.000006	0.000000
CAR_NG	0.000024	0.000012	0.000000
CAR_METHANOL	0.000024	0.000012	0.000000
CAR_HEV	0.000010	0.000007	0.000000
CAR_PHEV	0.004644	0.003155	0.000000
CAR_BEV	7957.105446	1769.645620	0.000000
CAR_FUEL_CELL	0.000019	0.000003	0.000000
TRAIN_FREIGHT	26.982708	16.143514	0.000000
BOAT_FREIGHT_DIESEL	73.488350	106.289992	0.000000
BOAT_FREIGHT_NG	0.000001	0.000002	0.000000
BOAT_FREIGHT_METHANOL	0.000042	0.000060	0.000000
TRUCK_DIESEL	0.000000	0.000000	0.000000
TRUCK_METHANOL	0.000075	0.000048	0.000000
TRUCK_FUEL_CELL	1561.513220	621.044275	0.000000
TRUCK_ELEC	0.000001	0.000000	0.000000
TRUCK_NG	0.000001	0.000001	0.000000
HABER_BOSCH	0.000073	0.000024	0.000000
SYN_METHANOLATION	0.000071	0.000035	0.000000
METHANE_TO_METHANOL	0.000048	0.000044	0.000000
BIOMASS_TO_METHANOL	0.000076	0.000020	0.000000
OIL_TO_HVC	0.000084	0.000006	0.000000
GAS_TO_HVC	0.000058	0.000030	0.000000
BIOMASS_TO_HVC	0.000063	0.000032	0.000000
METHANOL_TO_HVC	183.787288	283.982512	0.000000
PHS	10.919994	0.000000	0.000000
BATT_LI	110.932391	2.288419	0.000000
BEV_BATT	0.000000	0.000000	0.000000
PHEV_BATT	0.000000	0.000000	0.000000
TS_DEC_DIRECT_ELEC	0.000213	0.000026	0.000000
TS_DEC_HP_ELEC	62.565851	7.519760	0.000000
TS_DEC_THHP_GAS	0.000215	0.000026	0.000000
TS_DEC_COGEN_GAS	0.000214	0.000026	0.000000
TS_DEC_COGEN_OIL	0.000214	0.000026	0.000000
TS_DEC_ADVCOGEN_GAS	0.000213	0.000026	0.000000
TS_DEC_ADVCOGEN_H2	0.000211	0.000025	0.000000
TS_DEC_BOILER_GAS	0.000214	0.000026	0.000000
TS_DEC_BOILER_WOOD	0.000217	0.000026	0.000000
TS_DEC_BOILER_OIL	0.000215	0.000026	0.000000
TS_DHN_DAILY	0.000208	0.000018	0.000000
TS_DHN_SEASONAL	23.162480	2.611859	0.000000
TS_HIGH_TEMP	119.693313	26.542978	0.000000
GAS_STORAGE	6.534339	5.991936	0.000000
H2_STORAGE	0.001166	0.001262	0.000000
DIESEL_STORAGE	0.000680	0.000467	0.000000
GASOLINE_STORAGE	0.000674	0.000463	0.000000
LFO_STORAGE	0.000702	0.000482	0.000000
AMMONIA_STORAGE	0.000670	0.000460	0.000000
METHANOL_STORAGE	0.000677	0.000465	0.000000
CO2_STORAGE	0.002330	0.000559	0.000000
EFFICIENCY	5600.000000	0.000000	0.000000
DHN	156.897095	0.000000	0.000000
GRID	2210.177514	0.000000	0.000000
H2_ELECTROLYSIS	0.000115	0.000042	0.000000
SMR	0.000035	0.000067	0.000000
H2_BIOMASS	0.000040	0.000058	0.000000
GASIFICATION_SNG	0.000044	0.000064	0.000000
SYN_METHANATION	0.000012	0.000094	0.000000
BIOMETHANATION	0.000080	0.000019	0.000000
BIO_HYDROLYSIS	243.906282	221.895305	0.000000
PYROLYSIS_TO_LFO	0.000054	0.000051	0.000000
PYROLYSIS_TO_FUELS	0.000056	0.000032	0.000000
ATM_CCS	0.000060	0.000045	0.000000
INDUSTRY_CCS	0.000063	0.000047	0.000000
AMMONIA_TO_H2	0.000043	0.000082	0.000000
ELECTRICITY	0.000000	0.000000	3403.850648
GASOLINE	0.000000	0.000000	0.000053
DIESEL	0.000000	0.000000	0.000107
BIOETHANOL	0.000000	0.000000	0.000174
BIODIESEL	0.000000	0.000000	297.481400
LFO	0.000000	0.000000	0.000392
GAS	0.000000	0.000000	1289.091585
GAS_RE	0.000000	0.000000	0.000330
WOOD	0.000000	0.000000	830.851640
WET_BIOMASS	0.000000	0.000000	242.332997
COAL	0.000000	0.000000	0.000142
URANIUM	0.000000	0.000000	144.161484
WASTE	0.000000	0.000000	444.535064
H2	0.000000	0.000000	0.000000
H2_RE	0.000000	0.000000	1567.136994
AMMONIA	0.000000	0.000000	0.000000
METHANOL	0.000000	0.000000	0.000000
AMMONIA_RE	0.000000	0.000000	2683.049360
METHANOL_RE	0.000000	0.000000	5486.384613
ELEC_EXPORT	0.000000	0.000000	0.000000
CO2_EMISSIONS	0.000000	0.000000	0.000000
RES_WIND	0.000000	0.000000	0.000000
RES_SOLAR	0.000000	0.000000	0.000000
RES_HYDRO	0.000000	0.000000	0.000000
RES_GEO	0.000000	0.000000	0.000000
CO2_ATM	0.000000	0.000000	0.000000
CO2_INDUSTRY	0.000000	0.000000	0.000000
CO2_CAPTURED	0.000000	0.000000	0.000000
